                                  dos      nmap    normal     probe       r2l
duration                    16.649788  7.624905 21.449677 11.583752  9.616809
protocol_type               17.514974 25.992793 18.297483 25.002895 25.360454
service                     20.378044 19.578513 16.592996 23.178251 28.328896
flag                        11.506891 20.567261 13.907638 16.765287 14.518020
src_bytes                   22.542939 31.216959 26.541860 36.874840 33.726002
dst_bytes                   29.742632 22.744086 16.093599 25.273568 31.456111
land                         5.783348  0.000000  0.000000  0.000000  0.000000
wrong_fragment              38.852759  1.000500 22.286364  3.177425  1.000500
urgent                       0.000000  0.000000  0.000000  0.000000  0.000000
hot                         18.294418  2.002312  6.084346  3.837778 40.606511
num_failed_logins            0.000000  0.000000 -3.566781  0.000000  2.433041
logged_in                   23.164457 17.538349  8.683495 19.653713 29.319263
num_compromised             25.315447  1.718740  8.708377 -1.263940  1.733756
root_shell                   1.000500  0.000000 -3.329627  0.000000  0.000000
su_attempted                 1.000500  0.000000  1.734615  0.000000  0.000000
num_root                     4.115631  1.000500  5.032747  2.993199  1.000500
num_file_creations           2.738087  1.000500 -1.833023  0.000000  0.000000
num_shells                   2.125440  0.000000  0.000000  0.000000  0.000000
num_access_files             2.118242  0.000000  1.415618  0.000000  0.000000
num_outbound_cmds            0.000000  0.000000  0.000000  0.000000  0.000000
is_host_login                0.000000  0.000000  0.000000  0.000000  0.000000
is_guest_login               1.944599  1.000500  8.657985  1.000500 24.285476
count                       22.760164 36.350353 23.202798 31.212967 34.498462
srv_count                   15.331841 22.456947 13.637137 19.835950 27.694040
serror_rate                 10.537606 19.007393 12.152116 15.742479 13.069875
srv_serror_rate              8.088778 18.356381 10.767260 12.848149 12.394657
rerror_rate                 14.195336 11.761197 13.217397 15.831608  8.549021
srv_rerror_rate              9.718133 10.729006 11.171790 10.498482  7.557490
same_srv_rate               13.559226 16.931707 15.487592 13.701895 17.005459
diff_srv_rate               13.217373 13.944676 11.479459 24.581233 10.893754
srv_diff_host_rate          16.515212 18.965811  9.569146 12.468142 11.383076
dst_host_count               9.021816 14.566201 14.749895 32.002819 23.946328
dst_host_srv_count          11.338535 17.386162 13.064802 21.592388 28.713840
dst_host_same_srv_rate      11.220858 18.174380 17.595306 26.057041 19.198212
dst_host_diff_srv_rate      13.923147 29.877024 15.050782 29.793650 14.892668
dst_host_same_src_port_rate 18.888124 29.148302 15.930661 25.207890 36.562863
dst_host_srv_diff_host_rate 16.743284 22.001203 11.408794 32.495618 25.223801
dst_host_serror_rate        13.299319 20.730266 14.421835 19.773830 18.696182
dst_host_srv_serror_rate    10.001257 19.232314 14.082527 13.327702 14.328725
dst_host_rerror_rate        16.350122 16.506617 18.935393 18.977295 15.610673
dst_host_srv_rerror_rate    10.317652 12.326807 11.887258 12.798673 12.374049
                                u2r MeanDecreaseAccuracy MeanDecreaseGini
duration                     0.0000            17.442492     7.410240e+02
protocol_type                0.0000            19.494146     7.024659e+03
service                      0.0000            22.689768     1.289542e+04
flag                         0.0000            12.863668     8.476336e+02
src_bytes                   -1.0005            24.416415     5.038407e+03
dst_bytes                    0.0000            30.515375     1.846732e+04
land                         0.0000             5.782738     3.343864e-01
wrong_fragment               0.0000            40.728343     6.154478e+01
urgent                       0.0000             0.000000     2.542713e-02
hot                          0.0000            24.460897     7.881470e+01
num_failed_logins            0.0000            -3.015584     2.052491e+00
logged_in                   -1.0005            23.498575     1.118776e+04
num_compromised              0.0000            25.687480     1.039214e+02
root_shell                   0.0000            -1.547187     4.002840e-01
su_attempted                 0.0000             1.608810     4.625984e-02
num_root                     0.0000             4.379309     6.951089e+00
num_file_creations           0.0000             2.661095     8.407797e-01
num_shells                   0.0000             2.124952     3.761766e-02
num_access_files             0.0000             2.127982     8.924017e-01
num_outbound_cmds            0.0000             0.000000     0.000000e+00
is_host_login                0.0000             0.000000     0.000000e+00
is_guest_login               0.0000            15.842500     6.276749e+00
count                        0.0000            31.937675     2.869207e+04
srv_count                    0.0000            19.576807     5.754584e+03
serror_rate                  0.0000            12.424965     8.769717e+02
srv_serror_rate              0.0000             9.616727     4.223575e+02
rerror_rate                  0.0000            16.181169     4.368901e+02
srv_rerror_rate              0.0000            11.197362     3.051173e+02
same_srv_rate                0.0000            15.441242     3.791733e+03
diff_srv_rate                0.0000            14.565781     3.772626e+03
srv_diff_host_rate           0.0000            16.846795     2.191929e+03
dst_host_count              -1.0005            13.158323     8.795902e+03
dst_host_srv_count           0.0000            12.596729     1.827601e+03
dst_host_same_srv_rate       0.0000            13.160319     1.871102e+03
dst_host_diff_srv_rate       0.0000            15.486117     2.906676e+03
dst_host_same_src_port_rate -1.0005            20.768269     3.106507e+03
dst_host_srv_diff_host_rate  0.0000            17.931736     6.037487e+03
dst_host_serror_rate         0.0000            14.898060     1.245528e+03
dst_host_srv_serror_rate     0.0000            12.325832     5.261037e+02
dst_host_rerror_rate         0.0000            20.507124     5.099423e+02
dst_host_srv_rerror_rate     0.0000            11.723426     4.593752e+02

